0,14420,16852,11515,9598,14628,13337,12907,10628,1634,12604,16976,5008,6936,15683,13093,12909,5824,9372,12531,8003,10595,16512,9164,16329,8114,13320,13196,2782,14014,9290,11208,12996,17562,13286,8205,5047,13523,14248,12121,15813,16016,16123,11101,5506,6090,16225,8574,18336,10946,14415,14527,12017,6565,16262,13736,16813,11596,11808,16259,14796,6840,13636,2579,9384,8815,11090,11369,16170,7205,8313,15106,3572,11817,12281,9310,11649,16527,13989,6555,15744,11584,13383
14420,0,2536,5441,4846,1878,2103,2948,4994,14008,1955,2585,9417,12237,2163,1486,3442,8783,5168,8315,6606,3874,2113,5518,2504,10138,1702,2093,13657,755,5509,3542,1792,3605,1324,9352,9692,938,5993,2540,6231,1968,1905,3398,10279,9356,2807,5950,4500,6366,1713,7867,3914,8640,1876,2533,2582,3849,3498,2514,2038,11114,5501,12425,7122,8485,13069,3507,2613,11254,7520,1688,11350,3269,2145,11126,4432,4080,1721,10611,2124,2872,3136
16852,2536,0,7738,7338,3527,3734,5215,6868,16355,4249,388,11869,14103,2892,3759,4761,11287,7688,9194,8925,6388,1136,8050,2567,11901,3604,4441,15927,3163,8045,5729,3888,1325,3842,11151,12202,3352,7630,4759,7373,2167,748,5924,12443,11535,1685,8461,2174,8692,2689,9484,6269,10839,1287,3670,275,5693,5953,1243,3547,13027,7314,14766,9585,10241,14324,6028,2935,13109,9520,1980,13675,5251,4598,12654,6057,4551,3805,12592,1524,5270,5209
11515,5441,7738,0,3842,4312,6270,2526,6831,11710,5056,7628,6950,12197,5283,5216,7181,5843,3471,11256,5945,3519,6837,3207,5931,10743,5845,3351,11811,4695,2933,5372,5524,8968,4203,9995,6489,5110,2846,5199,4342,5912,7262,3418,9397,8588,8237,3906,9863,961,6752,3896,1538,7945,6592,6981,7868,6404,2121,7954,4371,11073,2158,10320,2278,9447,14613,2559,5624,11387,7954,7043,9474,5899,4451,12234,7140,5333,3933,10407,7554,4524,2597
9598,4846,7338,3842,0,5137,4209,3681,3229,9298,3182,7425,4590,8611,6157,3637,4452,3950,564,7620,2285,1002,6920,1079,6780,6971,4022,3716,9083,4416,1292,2300,3655,8204,3690,6202,4869,3986,6415,2848,7650,6433,6635,1513,6053,5156,7003,1154,9049,4166,5170,7728,3193,4448,6668,4813,7333,3249,2652,6929,5323,7460,5672,7741,3736,5612,10777,2027,6660,7733,4141,5780,6712,3019,2743,8416,3843,7314,4480,6827,6421,2143,4260
14628,1878,3527,4312,5137,0,3827,1892,6291,14423,3196,3362,9653,13311,1070,2891,5158,8827,5271,10020,7257,4149,2540,5468,1738,11339,3362,1434,14216,1348,5364,4646,3297,4826,1736,10540,9681,2361,4225,3754,4354,1606,3201,3641,11058,10136,4432,6063,5699,5272,3591,6105,2970,9411,2305,4358,3701,5256,2895,4045,211,12163,3824,12874,6357,9730,14556,3260,1542,12355,8574,3490,11849,4624,3008,12480,5940,2437,659,11600,3784,3715,1720
13337,2103,3734,6270,4209,3827,0,4149,3139,12727,1230,3972,8439,10401,4265,1102,1344,8042,4695,6222,5337,3478,3868,5166,4581,8230,483,3354,12243,2481,5266,2134,746,4235,2388,7463,8969,1490,7556,1363,8066,4024,2990,3195,8725,7824,2892,5356,5000,7071,1089,9366,4785,7138,3692,711,3622,1961,4150,2934,4018,9309,6951,11139,7398,6567,10991,3805,4713,9408,5786,1806,10040,1544,1844,9113,2406,6161,3434,8862,2425,2112,4567
12907,2948,5215,2526,3681,1892,4149,0,5692,12808,3064,5118,7990,12216,2944,3047,5293,7084,3673,9885,5944,2803,4349,3768,3614,10413,3677,866,12690,2194,3619,4013,3428,6442,1823,9619,7905,2782,3454,3427,4267,3488,4738,2369,9733,8832,5755,4428,7337,3477,4406,5223,1083,8118,4098,4830,5341,4900,1103,5450,2004,11060,2811,11292,4471,8897,13947,1656,3371,11301,7570,4600,10308,4288,2563,11716,5655,3669,1419,10450,5072,3004,599
10628,4994,6868,6831,3229,6291,3139,5692,0,9838,3125,7110,6027,7274,7026,3530,2320,5997,3776,4432,2839,3314,6965,4273,7474,5144,3363,5224,9252,5049,4513,1691,3203,7238,4558,4361,6869,4106,9017,2543,9959,6958,6126,3504,5671,4802,5824,4011,7909,7315,4187,10579,5747,4163,6769,3292,6743,1179,5050,5971,6501,6174,8299,8270,6959,3492,8299,4415,7522,6284,2664,4909,7170,1726,3307,6191,1022,8727,5708,5725,5485,2700,6271
1634,14008,16355,11710,9298,14423,12727,12808,9838,0,12120,16513,4830,5368,15454,12613,12155,5869,9164,11272,7430,10298,16120,9043,16078,6735,12768,12993,1156,13677,9213,10635,12468,16960,12962,6926,5275,13086,14521,11596,16051,15718,15613,10810,4356,5092,15583,8386,17692,11256,13816,15000,12006,5679,15877,13057,16291,10888,11707,15661,14604,5388,13864,1590,9727,7624,9500,11201,15955,5725,7348,14526,2688,11185,11866,7816,10844,16473,13770,5192,15152,11138,13326
12604,1955,4249,5056,3182,3196,1230,3064,3125,12120,0,4393,7630,10307,3902,493,2230,7111,3616,6924,4694,2341,4046,4056,4369,8244,884,2356,11732,1924,4127,1589,512,5030,1501,7451,8036,1020,6515,594,7177,3876,3518,2000,8328,7406,3827,4334,5867,5844,2012,8279,3594,6692,3819,1939,4211,2061,2939,3748,3404,9177,5872,10532,6184,6605,11361,2575,4401,9329,5577,2598,9448,1430,614,9312,2757,5629,2659,8664,3239,1045,3548
16976,2585,388,7628,7425,3362,3972,5118,7110,16513,4393,0,11981,14365,2639,3900,5053,11366,7752,9546,9085,6459,860,8096,2256,12175,3802,4377,16108,3148,8077,5910,4064,1609,3853,11418,12277,3453,7391,4925,7075,1908,1002,5982,12648,11735,2070,8534,2400,8586,2958,9232,6186,11033,1063,3960,660,5932,5910,1624,3360,13280,7105,14925,9532,10513,14656,6028,2633,13371,9752,2269,13839,5465,4699,12958,6327,4219,3699,12833,1868,5394,5069
5008,9417,11869,6950,4590,9653,8439,7990,6027,4830,7630,11981,0,6199,10700,8115,8179,1191,4383,9058,3209,5588,11506,4222,11339,5796,8380,8219,4862,9006,4384,6306,8043,12630,8279,5389,1276,8528,9789,7172,11287,11014,11146,6095,3237,2914,11330,3590,13430,6600,9499,10461,7177,2797,11255,8900,11840,6834,6888,11330,9827,5309,9107,3374,5156,5512,9797,6405,11192,5725,4341,10173,2558,6960,7283,7421,7032,11649,9007,4655,10815,6599,8500
6936,12237,14103,12197,8611,13311,10401,12216,7274,5368,10307,14365,6199,0,14168,10754,9374,7302,8812,6703,6333,9413,14239,8997,14672,2268,10636,12032,4235,12193,9266,8731,10458,14317,11599,2961,7411,11321,14956,9714,16255,14183,13371,9857,2988,3641,12893,8291,14870,12161,11415,16036,11802,4253,14040,10449,13958,8451,11249,13115,13519,1156,14218,4644,10959,3881,4166,10599,14678,994,4743,12126,4289,8981,10329,2591,8049,15692,12674,1792,12660,9600,12811
15683,2163,2892,5283,6157,1070,4265,2944,7026,15454,3902,2639,10700,14168,0,3511,5606,9889,6317,10478,8223,5160,1780,6529,670,12139,3850,2489,15221,1982,6430,5445,3881,4216,2587,11344,10747,2937,4752,4490,4523,731,2780,4649,12006,11082,4131,7113,5038,6239,3757,6595,4011,10357,1605,4672,3115,5925,3965,3691,940,13027,4488,13897,7389,10506,15202,4321,514,13200,9425,3449,12861,5313,3843,13206,6554,1960,1695,12485,3561,4582,2692
13093,1486,3759,5216,3637,2891,1102,3047,3530,12613,493,3900,8115,10754,3511,0,2324,7578,4049,7141,5187,2756,3561,4471,3944,8668,637,2260,12224,1565,4524,2062,414,4567,1309,7879,8501,576,6462,1057,7020,3434,3031,2370,8812,7890,3406,4784,5416,6046,1636,8265,3710,7178,3337,1792,3725,2414,3099,3298,3095,9629,5851,11025,6490,7021,11703,2828,4000,9773,6034,2161,9941,1807,937,9697,3061,5303,2417,9125,2794,1518,3473
12909,3442,4761,7181,4452,5158,1344,5293,2320,12155,2230,5053,8179,9374,5606,2324,0,7970,4999,4878,4975,3976,5082,5508,5901,7150,1796,4559,11570,3810,5669,2151,1912,4970,3632,6414,8882,2802,8741,1982,9344,5337,4051,3850,7981,7120,3545,5523,5604,7897,2109,10507,5778,6482,4931,1093,4598,1347,5096,3742,5352,8324,8102,10582,7991,5498,9703,4630,6047,8380,4945,2785,9481,1437,2778,7910,1355,7504,4732,7937,3289,2692,5765
5824,8783,11287,5843,3950,8827,8042,7084,5997,5869,7111,11366,1191,7302,9889,7578,7970,0,3627,9497,3190,4908,10830,3360,10543,6683,7919,7401,6001,8304,3471,5950,7563,12141,7574,6184,927,7935,8667,6715,10185,10259,10585,5394,4316,3845,10902,2835,12974,5442,9061,9284,6201,3549,10574,8571,11283,6630,5986,10856,8989,6355,8000,4492,3974,6157,10741,5568,10368,6759,4810,9701,3739,6648,6693,8325,6951,10707,8196,5683,10344,6067,7561
9372,5168,7688,3471,564,5271,4695,3673,3776,9164,3616,7752,4383,8812,6317,4049,4999,3627,0,8144,2495,1303,7203,516,6958,7276,4477,3837,9018,4678,737,2849,4105,8606,3948,6524,4527,4349,6150,3333,7455,6649,7002,1771,6147,5277,7443,799,9463,3704,5622,7368,3033,4590,6947,5320,7699,3811,2589,7346,5446,7671,5409,7632,3184,5988,11152,2039,6810,7965,4485,6207,6637,3563,3128,8764,4406,7340,4624,7021,6843,2597,4224
12531,8315,9194,11256,7620,10020,6222,9885,4432,11272,6924,9546,9058,6703,10478,7141,4878,9497,8144,0,6471,7737,9773,8617,10739,4635,6666,9266,10329,8675,8875,5948,6730,8909,8414,4346,10203,7660,13308,6472,14093,10168,8588,7882,7029,6578,7615,8233,9202,11744,6825,14948,10101,6349,9663,5832,8968,4988,9395,7986,10218,6078,12614,9952,11302,3738,5282,8789,10908,5880,4722,7371,9009,5598,7337,4334,4232,12382,9555,6105,7678,6917,10423
8003,6606,8925,5945,2285,7257,5337,5944,2839,7430,4694,9085,3209,6333,8223,5187,4975,3190,2495,6471,0,3159,8718,2752,8807,4806,5345,5881,7052,6341,3034,3217,5039,9568,5654,4078,4039,5674,8643,4167,9922,8396,8184,3643,3809,2895,8223,2108,10334,6061,6418,9834,5471,2176,8481,5741,8864,3634,4935,8265,7456,5186,7902,5841,5165,3650,8761,4299,8735,5472,2117,7118,4754,3814,4479,6340,3830,9531,6600,4545,7752,3737,6531
10595,3874,6388,3519,1002,4149,3478,2803,3314,10298,2341,6459,5588,9413,5160,2756,3976,4908,1303,7737,3159,0,5931,1716,5780,7649,3217,2740,10067,3419,1791,1927,2843,7305,2691,6861,5818,3046,5820,2135,6934,5431,5699,512,6965,6054,6159,2075,8165,4058,4353,7292,2524,5334,5678,4138,6396,2968,1879,6050,4340,8258,5084,8738,4015,6187,11312,1212,5665,8504,4799,4917,7703,2564,1828,9012,3671,6375,3491,7647,5550,1369,3398
16512,2113,1136,6837,6920,2540,3868,4349,6965,16120,4046,860,11506,14239,1780,3561,5082,10830,7203,9773,8718,5931,0,7513,1434,12091,3603,3656,15768,2529,7472,5620,3801,2449,3257,11318,11728,3045,6531,4616,6238,1048,1283,5437,12372,11451,2624,7996,3259,7797,2986,8373,5428,10738,260,4010,1384,5790,5204,2159,2522,13131,6249,14537,8800,10429,14776,5384,1800,13249,9559,2403,13463,5264,4254,12971,6273,3428,2933,12652,2218,4985,4257
9164,5518,8050,3207,1079,5468,5166,3768,4273,9043,4056,8096,4222,8997,6529,4471,5508,3360,516,8617,2752,1716,7513,0,7183,7558,4928,4040,8961,4985,285,3360,4554,9007,4259,6824,4231,4735,5970,3807,7338,6906,7379,2133,6248,5409,7875,721,9873,3328,6067,7086,3002,4749,7255,5803,8074,4327,2666,7761,5633,7869,5238,7538,2690,6335,11487,2208,7010,8181,4814,6632,6580,4071,3539,9080,4920,7430,4836,7206,7263,3058,4285
16329,2504,2567,5931,6780,1738,4581,3614,7474,16078,4369,2256,11339,14672,670,3944,5901,10543,6958,10739,8807,5780,1434,7183,0,12609,4204,3144,15826,2491,7089,5942,4285,3865,3153,11818,11406,3368,5224,4963,4820,575,2627,5268,12573,11648,3999,7756,4635,6884,3934,7030,4679,10923,1346,4908,2818,6344,4633,3539,1610,13537,5024,14516,8053,10964,15568,4976,385,13697,9934,3514,13473,5749,4377,13627,6935,2000,2347,13009,3503,5124,3349
8114,10138,11901,10743,6971,11339,8230,10413,5144,6735,8244,12175,5796,2268,12139,8668,7150,6683,7276,4635,4806,7649,12091,7558,12609,0,8497,10132,5734,10157,7840,6701,8347,12071,9607,800,7071,9242,13386,7652,14580,12100,11176,8047,2841,2882,10649,6901,12610,10858,9217,14637,10135,3160,11902,8235,11746,6306,9525,10885,11549,1446,12642,5564,9850,1663,4077,8860,12643,1311,2850,9921,4788,6869,8332,1643,5847,13755,10721,1559,10439,7631,11013
13320,1702,3604,5845,4022,3362,483,3677,3363,12768,884,3802,8380,10636,3850,637,1796,7919,4477,6666,5345,3217,3603,4928,4204,8497,0,2874,12324,2015,5006,2132,374,4249,1905,7719,8846,1012,7076,1209,7585,3659,2856,2884,8846,7935,2985,5175,5060,6666,1148,8889,4345,7236,3407,1156,3525,2191,3726,2951,3557,9529,6475,11178,7059,6836,11367,3423,4312,9647,5968,1792,10084,1670,1476,9439,2734,5720,2954,9058,2436,1882,4087
13196,2093,4441,3351,3716,1434,3354,866,5224,12993,2356,4377,8219,12032,2489,2260,4559,7401,3837,9266,5881,2740,3656,4040,3144,10132,2874,0,12798,1344,3946,3534,2659,5633,980,9333,8262,1938,4202,2801,4827,2903,3922,2241,9689,8772,4898,4629,6530,4286,3547,6019,1838,8049,3398,4017,4548,4320,1550,4604,1612,10878,3606,11447,5156,8563,13522,1833,2975,11092,7320,3734,10427,3689,1947,11357,5058,3665,796,10295,4215,2536,1213
2782,13657,15927,11811,9083,14216,12243,12690,9252,1156,11732,16108,4862,4235,15221,12224,11570,6001,9018,10329,7052,10067,15768,8961,15826,5734,12324,12798,0,13381,9159,10199,12045,16455,12682,6001,5562,12723,14650,11185,16145,15435,15180,10577,3612,4451,15057,8271,17155,11444,13331,15268,11960,5109,15532,12520,15845,10350,11599,15166,14405,4341,13968,1522,9958,6760,8350,11052,15729,4652,6668,14049,2382,10700,11531,6723,10234,16358,13558,4224,14663,10789,13233
14014,755,3163,4695,4416,1348,2481,2194,5049,13677,1924,3148,9006,12193,1982,1565,3810,8304,4678,8675,6341,3419,2529,4985,2491,10157,2015,1344,13381,0,4948,3465,1962,4308,730,9362,9200,1016,5291,2509,5628,2056,2596,2918,10089,9163,3561,5473,5205,5626,2358,7156,3175,8440,2272,3035,3245,3967,2797,3260,1544,11054,4775,12104,6431,8525,13265,2881,2487,11222,7451,2430,11045,3346,1886,11235,4626,3738,1017,10520,2878,2635,2392
9290,5509,8045,2933,1292,5364,5266,3619,4513,9213,4127,8077,4384,9266,6430,4524,5669,3471,737,8875,3034,1791,7472,285,7089,7840,5006,3946,9159,4948,0,3531,4631,9032,4228,7108,4317,4756,5712,3915,7095,6831,7386,2160,6500,5669,7930,977,9904,3044,6137,6806,2802,5015,7213,5917,8078,4517,2518,7799,5522,8140,4982,7722,2446,6620,11771,2116,6904,8455,5099,6681,6781,4232,3587,9364,5131,7267,4742,7475,7306,3155,4117
11208,3542,5729,5372,2300,4646,2134,4013,1691,10635,1589,5910,6306,8731,5445,2062,2151,5950,2849,5948,3217,1927,5620,3360,5942,6701,2132,3534,10199,3465,3531,0,1846,6354,2910,5904,6874,2609,7380,1004,8277,5460,4984,1956,6755,5836,5027,3384,7133,5973,3207,9001,4154,5128,5398,2622,5657,1043,3448,5052,4857,7596,6675,9046,5899,5085,9988,2851,5952,7758,3993,3902,7951,723,1639,7846,1769,7075,4044,7076,4537,1011,4585
12996,1792,3888,5524,3655,3297,746,3428,3203,12468,512,4064,8043,10458,3881,414,1912,7563,4105,6730,5039,2843,3801,4554,4285,8347,374,2659,12045,1962,4631,1846,0,4590,1720,7562,8489,951,6857,876,7433,3760,3145,2512,8593,7677,3348,4809,5411,6329,1517,8650,4039,6971,3590,1457,3826,2059,3403,3297,3499,9341,6237,10878,6694,6693,11322,3072,4362,9472,5760,2139,9787,1479,1115,9342,2675,5699,2831,8853,2783,1513,3871
17562,3605,1325,8968,8204,4826,4235,6442,7238,16960,5030,1609,12630,14317,4216,4567,4970,12141,8606,8909,9568,7305,2449,9007,3865,12071,4249,5633,16455,4308,9032,6354,4590,0,4928,11357,13066,4276,8955,5458,8683,3490,1712,6877,12902,12016,1426,9351,898,9914,3149,10809,7471,11346,2612,3946,1126,6107,7098,1303,4857,13285,8630,15372,10727,10437,14150,7100,4240,13326,9896,2458,14272,5775,5478,12664,6322,5822,5054,12906,1817,6075,6481
13286,1324,3842,4203,3690,1736,2388,1823,4558,12962,1501,3853,8279,11599,2587,1309,3632,7574,3948,8414,5654,2691,3257,4259,3153,9607,1905,980,12682,730,4228,2910,1720,4928,0,8809,8471,960,5173,2031,5714,2757,3229,2188,9425,8499,4050,4743,5822,5104,2587,6997,2666,7774,3000,3040,3902,3549,2190,3803,1947,10454,4585,11392,5802,7995,12837,2188,3100,10637,6857,2840,10338,2914,1275,10745,4257,4170,1161,9904,3372,2001,2186
8205,9352,11151,9995,6202,10540,7463,9619,4361,6926,7451,11418,5389,2961,11344,7879,6414,6184,6524,4346,4078,6861,11318,6824,11818,800,7719,9333,6001,9362,7108,5904,7562,11357,8809,0,6653,8452,12614,6858,13794,11312,10421,7253,2742,2525,9932,6183,11919,10138,8463,13891,9355,2637,11126,7491,11002,5528,8739,10154,10750,1966,11871,5628,9178,921,4707,8073,11848,1969,2067,9172,4740,6084,7534,2269,5094,12956,9922,1794,9701,6831,10218
5047,9692,12202,6489,4869,9681,8969,7905,6869,5275,8036,12277,1276,7411,10747,8501,8882,927,4527,10203,4039,5818,11728,4231,11406,7071,8846,8262,5562,9200,4317,6874,8489,13066,8471,6653,0,8852,9267,7643,10814,11137,11504,6298,4483,4189,11829,3743,13900,5986,9989,9735,6983,4040,11471,9495,12202,7538,6816,11782,9838,6560,8628,4040,4451,6735,11069,6430,11220,6980,5484,10627,3479,7569,7612,8697,7838,11495,9059,5915,11270,6991,8360
13523,938,3352,5110,3986,2361,1490,2782,4106,13086,1020,3453,8528,11321,2937,576,2802,7935,4349,7660,5674,3046,3045,4735,3368,9242,1012,1938,12723,1016,4756,2609,951,4276,960,8452,8852,0,6114,1610,6577,2863,2653,2603,9341,8418,3239,5114,5150,5986,1644,7949,3577,7701,2811,2103,3351,2989,3035,3057,2559,10193,5539,11501,6566,7596,12271,2887,3424,10341,6595,1992,10423,2384,1247,10273,3624,4749,1943,9683,2583,1949,3135
14248,5993,7630,2846,6415,4225,7556,3454,9017,14521,6515,7391,9789,14956,4752,6462,8741,8667,6150,13308,8643,5820,6531,5970,5224,13386,7076,4202,14650,5291,5712,7380,6857,8955,5173,12614,9267,6114,0,6874,1583,5483,7403,5528,12209,11379,8657,6687,9789,3303,7646,1881,3297,10716,6346,8212,7838,8321,3974,8266,4143,13819,743,13154,4867,11988,17129,4630,4843,14115,10550,7671,12319,7722,6013,14809,9078,3749,4278,13164,8005,6393,2989
12121,2540,4759,5199,2848,3754,1363,3427,2543,11596,594,4925,7172,9714,4490,1057,1982,6715,3333,6472,4167,2135,4616,3807,4963,7652,1209,2801,11185,2509,3915,1004,876,5458,2031,6858,7643,1610,6874,0,7624,4469,4018,1911,7757,6836,4187,3998,6269,5924,2346,8592,3810,6126,4394,2003,4701,1526,3120,4160,3964,8584,6205,10007,6111,6016,10806,2650,4991,8736,4985,3002,8918,891,866,8734,2257,6191,3191,8073,3645,768,3952
15813,6231,7373,4342,7650,4354,8066,4267,9959,16051,7177,7075,11287,16255,4523,7020,9344,10185,7455,14093,9922,6934,6238,7338,4820,14580,7585,4827,16145,5628,7095,8277,7433,8683,5714,13794,10814,6577,1583,7624,0,5219,7302,6569,13583,12728,8640,8059,9449,4876,7943,2551,4457,12045,6103,8660,7613,9133,5056,8209,4207,15107,2187,14659,6440,13113,18200,5722,4442,15382,11730,7822,13797,8507,6762,15939,9878,2964,4636,14467,8039,7267,3693
16016,1968,2167,5912,6433,1606,4024,3488,6958,15718,3876,1908,11014,14183,731,3434,5337,10259,6649,10168,8396,5431,1048,6906,575,12100,3659,2903,15435,2056,6831,5460,3760,3490,2757,11312,11137,2863,5483,4469,5219,0,2118,4922,12139,11213,3487,7448,4307,6872,3359,7325,4570,10491,885,4336,2398,5817,4439,3035,1544,13053,5212,14148,7958,10450,15015,4716,841,13204,9452,2945,13095,5232,3933,13093,6392,2508,2121,12536,2962,4683,3315
16123,1905,748,7262,6635,3201,2990,4738,6126,15613,3518,1002,11146,13371,2780,3031,4051,10585,7002,8588,8184,5699,1283,7379,2627,11176,2856,3922,15180,2596,7386,4984,3145,1712,3229,10421,11504,2653,7403,4018,7302,2118,0,5247,11695,10787,1372,7767,2610,8205,1959,9277,5760,10091,1288,2958,698,4950,5389,917,3262,12290,7025,14023,9020,9515,13669,5411,2954,12377,8776,1267,12932,4503,3892,11957,5329,4619,3364,11851,943,4547,4804
11101,3398,5924,3418,1513,3641,3195,2369,3504,10810,2000,5982,6095,9857,4649,2370,3850,5394,1771,7882,3643,512,5437,2133,5268,8047,2884,2241,10577,2918,2160,1956,2512,6877,2188,7253,6298,2603,5528,1911,6569,4922,5247,0,7452,6537,5772,2559,7746,4060,3995,7078,2244,5815,5182,3881,5943,2986,1554,5639,3833,8701,4803,9249,4209,6547,11638,911,5154,8936,5202,4522,8213,2498,1433,9371,3724,5889,2982,8100,5146,1160,2968
5506,10279,12443,9397,6053,11058,8725,9733,5671,4356,8328,12648,3237,2988,12006,8812,7981,4316,6147,7029,3809,6965,12372,6248,12573,2841,8846,9689,3612,10089,6500,6755,8593,12902,9425,2742,4483,9341,12209,7757,13583,12139,11695,7452,0,926,11493,5527,13579,9279,9805,13174,9179,1650,12147,8957,12345,6797,8696,11624,11258,2078,11481,2932,8014,3310,6639,8080,12520,2500,3057,10528,1998,7193,8206,4359,6637,13339,10402,1452,11128,7456,10313
6090,9356,11535,8588,5156,10136,7824,8832,4802,5092,7406,11735,2914,3641,11082,7890,7120,3845,5277,6578,2895,6054,11451,5409,11648,2882,7935,8772,4451,9163,5669,5836,7677,12016,8499,2525,4189,8418,11379,6836,12728,11213,10787,6537,926,0,10613,4692,12707,8522,8907,12404,8305,725,11225,8076,11440,5909,7805,10733,10337,2578,10646,3574,7326,2851,6904,7182,11595,2957,2257,9629,2519,6287,7280,4510,5786,12426,9481,1893,10234,6530,9415
16225,2807,1685,8237,7003,4432,2892,5755,5824,15583,3827,2070,11330,12893,4131,3406,3545,10902,7443,7615,8223,6159,2624,7875,3999,10649,2985,4898,15057,3561,7930,5027,3348,1426,4050,9932,11829,3239,8657,4187,8640,3487,1372,5772,11493,10613,0,8156,2112,9151,1841,10537,6703,9950,2656,2537,1423,4707,6234,466,4523,11859,8230,13998,9804,9012,12814,6126,4324,11901,8478,1253,12897,4411,4342,11268,4898,5990,4475,11481,683,4860,5917
8574,5950,8461,3906,1154,6063,5356,4428,4011,8386,4334,8534,3590,8291,7113,4784,5523,2835,799,8233,2108,2075,7996,721,7756,6901,5175,4629,8271,5473,977,3384,4809,9351,4743,6183,3743,5114,6687,3998,8059,7448,7767,2559,5527,4692,8156,0,10199,3957,6324,7767,3708,4039,7741,5948,8465,4259,3331,8079,6237,7167,5956,6865,3115,5741,10868,2817,7603,7486,4210,6932,5889,4107,3879,8448,4772,8096,5418,6501,7572,3296,4962
18336,4500,2174,9863,9049,5699,5000,7337,7909,17692,5867,2400,13430,14870,5038,5416,5604,12974,9463,9202,10334,8165,3259,9873,4635,12610,5060,6530,17155,5205,9904,7133,5411,898,5822,11919,13900,5150,9789,6269,9449,4307,2610,7746,13579,12707,2112,10199,0,10810,3932,11632,8368,12050,3446,4637,2004,6809,7995,2119,5720,13865,9487,16108,11623,10998,14478,7989,5017,13884,10549,3273,15006,6523,6337,13110,6957,6543,5944,13515,2630,6911,7367
10946,6366,8692,961,4166,5272,7071,3477,7315,11256,5844,8586,6600,12161,6239,6046,7897,5442,3704,11744,6061,4058,7797,3328,6884,10858,6666,4286,11444,5626,3044,5973,6329,9914,5104,10138,5986,5986,3303,5924,4876,6872,8205,4060,9279,8522,9151,3957,10810,0,7619,3899,2452,7922,7552,7781,8818,7016,2956,8880,5330,11063,2728,9932,1564,9664,14813,3281,6571,11401,8142,7943,9155,6557,5231,12400,7729,6200,4889,10385,8470,5208,3557
14415,1713,2689,6752,5170,3591,1089,4406,4187,13816,2012,2958,9499,11415,3757,1636,2109,9061,5622,6825,6418,4353,2986,6067,3934,9217,1148,3547,13331,2358,6137,3207,1517,3149,2587,8463,9989,1644,7646,2346,7943,3359,1959,3995,9805,8907,1841,6324,3932,7619,0,9506,5220,8225,2851,1025,2556,3019,4663,1847,3750,10338,7112,12227,8122,7556,11790,4450,4138,10420,6847,723,11128,2633,2565,10017,3370,5714,3375,9909,1336,3030,4710
14527,7867,9484,3896,7728,6105,9366,5223,10579,15000,8279,9232,10461,16036,6595,8265,10507,9284,7368,14948,9834,7292,8373,7086,7030,14637,8889,6019,15268,7156,6806,9001,8650,10809,6997,13891,9735,7949,1881,8592,2551,7325,9277,7078,13174,12404,10537,7767,11632,3899,9506,0,4847,11787,8197,10036,9698,9984,5553,10144,6021,14926,2414,13748,5312,13338,18504,6167,6645,15252,11850,9547,13018,9409,7745,16130,10740,5378,6148,14253,9886,8047,4814
12017,3914,6269,1538,3193,2970,4785,1083,5747,12006,3594,6186,7177,11802,4011,3710,5778,6201,3033,10101,5471,2524,5428,3002,4679,10135,4345,1838,11960,3175,2802,4154,4039,7471,2666,9355,6983,3577,3297,3810,4457,4570,5760,2244,9179,8305,6703,3708,8368,2452,5220,4847,0,7611,5175,5492,6384,5145,707,6428,3071,10653,2564,10524,3388,8704,13835,1337,4418,10926,7288,5505,9580,4586,3007,11528,5900,4512,2494,10016,6021,3211,1394
6565,8640,10839,7945,4448,9411,7138,8118,4163,5679,6692,11033,2797,4253,10357,7178,6482,3549,4590,6349,2176,5334,10738,4749,10923,3160,7236,8049,5109,8440,5015,5128,6971,11346,7774,2637,4040,7701,10716,6126,12045,10491,10091,5815,1650,725,9950,4039,12050,7922,8225,11787,7611,0,10510,7414,10749,5243,7099,10057,9612,3141,9980,4122,6787,2720,7236,6471,10870,3483,1763,8945,3030,5597,6558,4801,5165,11705,8756,2466,9555,5808,8704
16262,1876,1287,6592,6668,2305,3692,4098,6769,15877,3819,1063,11255,14040,1605,3337,4931,10574,6947,9663,8481,5678,260,7255,1346,11902,3407,3398,15532,2272,7213,5398,3590,2612,3000,11126,11471,2811,6346,4394,6103,885,1288,5182,12147,11225,2656,7741,3446,7552,2851,8197,5175,10510,0,3871,1513,5597,4946,2195,2298,12928,6045,14295,8545,10241,14632,5124,1689,13052,9350,2309,13223,5060,4012,12803,6097,3345,2681,12443,2193,4745,4019
13736,2533,3670,6981,4813,4358,711,4830,3292,13057,1939,3960,8900,10449,4672,1792,1093,8571,5320,5832,5741,4138,4010,5803,4908,8235,1156,4017,12520,3035,5917,2622,1457,3946,3040,7491,9495,2103,8212,2003,8660,4336,2958,3881,8957,8076,2537,5948,4637,7781,1025,10036,5492,7414,3871,0,3511,2172,4860,2685,4538,9388,7622,11475,8089,6578,10766,4514,5085,9455,5952,1692,10372,1940,2553,9001,2403,6610,4026,8982,2213,2769,5226
16813,2582,275,7868,7333,3701,3622,5341,6743,16291,4211,660,11840,13958,3115,3725,4598,11283,7699,8968,8864,6396,1384,8074,2818,11746,3525,4548,15845,3245,8078,5657,3826,1126,3902,11002,12202,3351,7838,4701,7613,2398,698,5943,12345,11440,1423,8465,2004,8818,2556,9698,6384,10749,1513,3511,0,5573,6042,993,3732,12889,7506,14701,9676,10089,14117,6088,3182,12964,9402,1836,13608,5153,4590,12473,5909,4809,3942,12464,1324,5243,5362
11596,3849,5693,6404,3249,5256,1961,4900,1179,10888,2061,5932,6834,8451,5925,2414,1347,6630,3811,4988,3634,2968,5790,4327,6344,6306,2191,4320,10350,3967,4517,1043,2059,6107,3549,5528,7538,2989,8321,1526,9133,5817,4950,2986,6797,5909,4707,4259,6809,7016,3019,9984,5145,5243,5597,2172,5573,0,4438,4826,5465,7353,7630,9307,6917,4646,9302,3867,6413,7460,3828,3743,8205,636,2373,7285,758,7689,4711,6901,4332,1937,5448
11808,3498,5953,2121,2652,2895,4150,1103,5050,11707,2939,5910,6888,11249,3965,3099,5096,5986,2589,9395,4935,1879,5204,2666,4633,9525,3726,1550,11599,2797,2518,3448,3403,7098,2190,8739,6816,3035,3974,3120,5056,4439,5389,1554,8696,7805,6234,3331,7995,2956,4663,5553,707,7099,4946,4860,6042,4438,0,5992,3037,10095,3250,10195,3634,8064,13178,667,4419,10355,6675,5008,9217,3883,2338,10890,5193,4767,2318,9470,5558,2506,1635
16259,2514,1243,7954,6929,4045,2934,5450,5971,15661,3748,1624,11330,13115,3691,3298,3742,10856,7346,7986,8265,6050,2159,7761,3539,10885,2951,4604,15166,3260,7799,5052,3297,1303,3803,10154,11782,3057,8266,4160,8209,3035,917,5639,11624,10733,466,8079,2119,8880,1847,10144,6428,10057,2195,2685,993,4826,5992,0,4124,12065,7859,14073,9593,9237,13155,5929,3869,12122,8634,1159,12974,4476,4222,11556,5083,5534,4132,11667,515,4792,5578
14796,2038,3547,4371,5323,211,4018,2004,6501,14604,3404,3360,9827,13519,940,3095,5352,8989,5446,10218,7456,4340,2522,5633,1610,11549,3557,1612,14405,1544,5522,4857,3499,4857,1947,10750,9838,2559,4143,3964,4207,1544,3262,3833,11258,10337,4523,6237,5720,5330,3750,6021,3071,9612,2298,4538,3732,5465,3037,4124,0,12370,3775,13058,6452,9941,14765,3427,1383,12564,8782,3619,12036,4833,3219,12691,6146,2227,856,11807,3885,3924,1774
6840,11114,13027,11073,7460,12163,9309,11060,6174,5388,9177,13280,5309,1156,13027,9629,8324,6355,7671,6078,5186,8258,13131,7869,13537,1446,9529,10878,4341,11054,8140,7596,9341,13285,10454,1966,6560,10193,13819,8584,15107,13053,12290,8701,2078,2578,11859,7167,13865,11063,10338,14926,10653,3141,12928,9388,12889,7353,10095,12065,12370,0,13079,4356,9899,2877,4603,9444,13538,428,3603,11054,3748,7868,9186,2488,6985,14539,11524,685,11601,8454,11656
13636,5501,7314,2158,5672,3824,6951,2811,8299,13864,5872,7105,9107,14218,4488,5851,8102,8000,5409,12614,7902,5084,6249,5238,5024,12642,6475,3606,13968,4775,4982,6675,6237,8630,4585,11871,8628,5539,743,6205,2187,5212,7025,4803,11481,10646,8230,5956,9487,2728,7112,2414,2564,9980,6045,7622,7506,7630,3250,7859,3775,13079,0,12478,4283,11247,16391,3900,4654,13374,9807,7189,11626,7040,5350,14067,8388,3796,3781,12426,7565,5697,2406
2579,12425,14766,10320,7741,12874,11139,11292,8270,1590,10532,14925,3374,4644,13897,11025,10582,4492,7632,9952,5841,8738,14537,7538,14516,5564,11178,11447,1522,12104,7722,9046,10878,15372,11392,5628,4040,11501,13154,10007,14659,14148,14023,9249,2932,3574,13998,6865,16108,9932,12227,13748,10524,4122,14295,11475,14701,9307,10195,14073,13058,4356,12478,0,8440,6242,8796,9671,14401,4747,5826,12937,1102,9598,10284,6844,9280,14961,12219,4008,13563,9554,11822
9384,7122,9585,2278,3736,6357,7398,4471,6959,9727,6184,9532,5156,10959,7389,6490,7991,3974,3184,11302,5165,4015,8800,2690,8053,9850,7059,5156,9958,6431,2446,5899,6694,10727,5802,9178,4451,6566,4867,6111,6440,7958,9020,4209,8014,7326,9804,3115,11623,1564,8122,5312,3388,6787,8545,8089,9676,6917,3634,9593,6452,9899,4283,8440,0,8814,13885,3681,7775,10262,7282,8558,7712,6571,5583,11445,7558,7604,5870,9215,9139,5347,4713
8815,8485,10241,9447,5612,9730,6567,8897,3492,7624,6605,10513,5512,3881,10506,7021,5498,6157,5988,3738,3650,6187,10429,6335,10964,1663,6836,8563,6760,8525,6620,5085,6693,10437,7995,921,6735,7596,11988,6016,13113,10450,9515,6547,3310,2851,9012,5741,10998,9664,7556,13338,8704,2720,10241,6578,10089,4646,8064,9237,9941,2877,11247,6242,8814,0,5166,7397,11007,2889,1533,8262,5276,5218,6723,2826,4186,12157,9123,2630,8786,6040,9494
11090,13069,14324,14613,10777,14556,10991,13947,8299,9500,11361,14656,9797,4166,15202,11703,9703,10741,11152,5282,8761,11312,14776,11487,15568,4077,11367,13522,8350,13265,11771,9988,11322,14150,12837,4707,11069,12271,17129,10806,18200,15015,13669,11638,6639,6904,12814,10868,14478,14813,11790,18504,13835,7236,14632,10766,14117,9302,13178,13155,14765,4603,16391,8796,13885,5166,0,12513,15676,4175,6673,12414,8327,9932,11604,2445,8648,16991,13995,5187,12801,10990,14536
11369,3507,6028,2559,2027,3260,3805,1656,4415,11201,2575,6028,6405,10599,4321,2828,4630,5568,2039,8789,4299,1212,5384,2208,4976,8860,3423,1833,11052,2881,2116,2851,3072,7100,2188,8073,6430,2887,4630,2650,5722,4716,5411,911,8080,7182,6126,2817,7989,3281,4450,6167,1337,6471,5124,4514,6088,3867,667,5929,3427,9444,3900,9671,3681,7397,12513,0,4802,9699,6009,4878,8672,3343,1961,10223,4614,5309,2629,8824,5466,1966,2234
16170,2613,2935,5624,6660,1542,4713,3371,7522,15955,4401,2633,11192,14678,514,4000,6047,10368,6810,10908,8735,5665,1800,7010,385,12643,4312,2975,15729,2487,6904,5952,4362,4240,3100,11848,11220,3424,4843,4991,4442,841,2954,5154,12520,11595,4324,7603,5017,6571,4138,6645,4418,10870,1689,5085,3182,6413,4419,3869,1383,13538,4654,14401,7775,11007,15676,4802,0,13708,9935,3766,13368,5806,4355,13697,7030,1667,2187,12997,3803,5095,3062
7205,11254,13109,11387,7733,12355,9408,11301,6284,5725,9329,13371,5725,994,13200,9773,8380,6759,7965,5880,5472,8504,13249,8181,13697,1311,9647,11092,4652,11222,8455,7758,9472,13326,10637,1969,6980,10341,14115,8736,15382,13204,12377,8936,2500,2957,11901,7486,13884,11401,10420,15252,10926,3483,13052,9455,12964,7460,10355,12122,12564,428,13374,4747,10262,2889,4175,9699,13708,0,3781,11132,4168,7995,9364,2105,7055,14746,11722,1077,11666,8641,11899
8313,7520,9520,7954,4141,8574,5786,7570,2664,7348,5577,9752,4341,4743,9425,6034,4945,4810,4485,4722,2117,4799,9559,4814,9934,2850,5968,7320,6668,7451,5099,3993,5760,9896,6857,2067,5484,6595,10550,4985,11730,9452,8776,5202,3057,2257,8478,4210,10549,8142,6847,11850,7288,1763,9350,5952,9402,3828,6675,8634,8782,3603,9807,5826,7282,1533,6673,6009,9935,3781,0,7569,4755,4299,5586,4281,3594,10967,7941,3093,8149,4860,8169
15106,1688,1980,7043,5780,3490,1806,4600,4909,14526,2598,2269,10173,12126,3449,2161,2785,9701,6207,7371,7118,4917,2403,6632,3514,9921,1792,3734,14049,2430,6681,3902,2139,2458,2840,9172,10627,1992,7671,3002,7822,2945,1267,4522,10528,9629,1253,6932,3273,7943,723,9547,5505,8945,2309,1692,1836,3743,5008,1159,3619,11054,7189,12937,8558,8262,12414,4878,3766,11132,7569,0,11839,3349,3095,10689,4078,5402,3408,10629,644,3639,4821
3572,11350,13675,9474,6712,11849,10040,10308,7170,2688,9448,13839,2558,4289,12861,9941,9481,3739,6637,9009,4754,7703,13463,6580,13473,4788,10084,10427,2382,11045,6781,7951,9787,14272,10338,4740,3479,10423,12319,8918,13797,13095,12932,8213,1998,2519,12897,5889,15006,9155,11128,13018,9580,3030,13223,10372,13608,8205,9217,12974,12036,3748,11626,1102,7712,5276,8327,8672,13368,4168,4755,11839,0,8498,9213,6203,8181,13977,11191,3276,12464,8479,10850
11817,3269,5251,5899,3019,4624,1544,4288,1726,11185,1430,5465,6960,8981,5313,1807,1437,6648,3563,5598,3814,2564,5264,4071,5749,6869,1670,3689,10700,3346,4232,723,1479,5775,2914,6084,7569,2384,7722,891,8507,5232,4503,2498,7193,6287,4411,4107,6523,6557,2633,9409,4586,5597,5060,1940,5153,636,3883,4476,4833,7868,7040,9598,6571,5218,9932,3343,5806,7995,4299,3349,8498,0,1744,7893,1371,7059,4075,7390,3968,1380,4827
12281,2145,4598,4451,2743,3008,1844,2563,3307,11866,614,4699,7283,10329,3843,937,2778,6693,3128,7337,4479,1828,4254,3539,4377,8332,1476,1947,11531,1886,3587,1639,1115,5478,1275,7534,7612,1247,6013,866,6762,3933,3892,1433,8206,7280,4342,3879,6337,5231,2565,7745,3007,6558,4012,2553,4590,2373,2338,4222,3219,9186,5350,10284,5583,6723,11604,1961,4355,9364,5586,3095,9213,1744,0,9483,3116,5436,2405,8643,3724,750,3087
9310,11126,12654,12234,8416,12480,9113,11716,6191,7816,9312,12958,7421,2591,13206,9697,7910,8325,8764,4334,6340,9012,12971,9080,13627,1643,9439,11357,6723,11235,9364,7846,9342,12664,10745,2269,8697,10273,14809,8734,15939,13093,11957,9371,4359,4510,11268,8448,13110,12400,10017,16130,11528,4801,12803,9001,12473,7285,10890,11556,12691,2488,14067,6844,11445,2826,2445,10223,13697,2105,4281,10689,6203,7893,9483,0,6711,14915,11888,2939,11149,8824,12312
11649,4432,6057,7140,3843,5940,2406,5655,1022,10844,2757,6327,7032,8049,6554,3061,1355,6951,4406,4232,3830,3671,6273,4920,6935,5847,2734,5058,10234,4626,5131,1769,2675,6322,4257,5094,7838,3624,9078,2257,9878,6392,5329,3724,6637,5786,4898,4772,6957,7729,3370,10740,5900,5165,6097,2403,5909,758,5193,5083,6146,6985,8388,9280,7558,4186,8648,4614,7030,7055,3594,4078,8181,1371,3116,6711,0,8362,5416,6586,4616,2695,6197
16527,4080,4551,5333,7314,2437,6161,3669,8727,16473,5629,4219,11649,15692,1960,5303,7504,10707,7340,12382,9531,6375,3428,7430,2000,13755,5720,3665,16358,3738,7267,7075,5699,5822,4170,12956,11495,4749,3749,6191,2964,2508,4619,5889,13339,12426,5990,8096,6543,6200,5714,5378,4512,11705,3345,6610,4809,7689,4767,5534,2227,14539,3796,14961,7604,12157,16991,5309,1667,14746,10967,5402,13977,7059,5436,14915,8362,0,3035,13960,5467,6124,3150
13989,1721,3805,3933,4480,659,3434,1419,5708,13770,2659,3699,9007,12674,1695,2417,4732,8196,4624,9555,6600,3491,2933,4836,2347,10721,2954,796,13558,1017,4742,4044,2831,5054,1161,9922,9059,1943,4278,3191,4636,2121,3364,2982,10402,9481,4475,5418,5944,4889,3375,6148,2494,8756,2681,4026,3942,4711,2318,4132,856,11524,3781,12219,5870,9123,13995,2629,2187,11722,7941,3408,11191,4075,2405,11888,5416,3035,0,10956,3801,3090,1447
6555,10611,12592,10407,6827,11600,8862,10450,5725,5192,8664,12833,4655,1792,12485,9125,7937,5683,7021,6105,4545,7647,12652,7206,13009,1559,9058,10295,4224,10520,7475,7076,8853,12906,9904,1794,5915,9683,13164,8073,14467,12536,11851,8100,1452,1893,11481,6501,13515,10385,9909,14253,10016,2466,12443,8982,12464,6901,9470,11667,11807,685,12426,4008,9215,2630,5187,8824,12997,1077,3093,10629,3276,7390,8643,2939,6586,13960,10956,0,11193,7904,11044
15744,2124,1524,7554,6421,3784,2425,5072,5485,15152,3239,1868,10815,12660,3561,2794,3289,10344,6843,7678,7752,5550,2218,7263,3503,10439,2436,4215,14663,2878,7306,4537,2783,1817,3372,9701,11270,2583,8005,3645,8039,2962,943,5146,11128,10234,683,7572,2630,8470,1336,9886,6021,9555,2193,2213,1324,4332,5558,515,3885,11601,7565,13563,9139,8786,12801,5466,3803,11666,8149,644,12464,3968,3724,11149,4616,5467,3801,11193,0,4282,5240
11584,2872,5270,4524,2143,3715,2112,3004,2700,11138,1045,5394,6599,9600,4582,1518,2692,6067,2597,6917,3737,1369,4985,3058,5124,7631,1882,2536,10789,2635,3155,1011,1513,6075,2001,6831,6991,1949,6393,768,7267,4683,4547,1160,7456,6530,4860,3296,6911,5208,3030,8047,3211,5808,4745,2769,5243,1937,2506,4792,3924,8454,5697,9554,5347,6040,10990,1966,5095,8641,4860,3639,8479,1380,750,8824,2695,6124,3090,7904,4282,0,3575
13383,3136,5209,2597,4260,1720,4567,599,6271,13326,3548,5069,8500,12811,2692,3473,5765,7561,4224,10423,6531,3398,4257,4285,3349,11013,4087,1213,13233,2392,4117,4585,3871,6481,2186,10218,8360,3135,2989,3952,3693,3315,4804,2968,10313,9415,5917,4962,7367,3557,4710,4814,1394,8704,4019,5226,5362,5448,1635,5578,1774,11656,2406,11822,4713,9494,14536,2234,3062,11899,8169,4821,10850,4827,3087,12312,6197,3150,1447,11044,5240,3575,0
