0,31482,15131,53905,17674,31449,3898,18164,23445,20439,22845,55778,20325,20210,17092,12490,21100,89751,21610,9477,53836,14490,16807,65756,25196,14952,25604,18729,22149,18258,15029,3530,46872,20335,18103,5737,19548,36971,8991,24008,59094,20046,18502,18744,29536,22111,21146,21136,6396,18256,18995,26262,84318,88286,21390,93030,23191,24926,25696,14358,25269,21386,2352,17957,21179,66141,7730,23127,17866,21572,5738,1140,20673,8320,21506,22927,54700,20937,23776,26079,23807,36831,7637,22855,24266,21627,18802,63414,17586,73247,18450,84492,27626,17398,23558,19340,19239,19307,68307,82756,21819,22370,49333,31421,79161,60892,19564,17812,67778,19647,21349,46754,20406,21104,31511,20218,9544,5731,21961,19202,57749,19495,24860,24011,21749,20990,9694,59692,51250,22459,24393,27142,33579,21338,6142,22927,15726,15938,24191,5300,61278,67568,22631,15228,16755,55676,9498,24777,31419,93566,18723,19510,52657,21273,52920,18039,8496,42697,15417,20117,21043,6369,8612,21454,20028,20813,23970,28260,24534,70074,92921,28419,23796,22201,86445,20474,18738,13063,19530,55216,23266,25431,7792,20658,13820,93047,51455,23759,12992,66735,19693,19438,22427,19894,22682,19561,22518,20948,17099,20998,20021,78307,36205,28739,20983,22512,9201,14760,21226,5714,18232,29622,26928,21687,22827,82309,52534,22059,63047,19152,25673,58319,20796,47115,21112,18310,21533,62608,14328,30489
31482,0,16410,38454,17738,18463,30191,13958,26330,11137,9214,29908,13257,11805,15291,19130,13069,69115,11578,27901,38134,26222,14933,44431,6376,25478,43143,37078,9381,14786,20998,28833,28741,32979,38379,33851,32689,18457,28543,41366,36529,12146,29759,15628,5947,10495,12789,12499,28495,37170,12946,5303,64266,67570,39638,72274,8470,7727,6381,17567,6406,40483,29149,15878,10631,44504,28359,23988,13875,10002,29504,31039,11289,30052,33257,8868,29661,38016,7728,5454,41156,5486,31693,8642,7249,9943,39038,41273,29564,52733,25591,64302,4813,37920,7971,26610,13322,13079,46483,63166,29059,41381,22365,8567,57943,38211,30746,37685,46608,12303,12334,74770,11768,10379,596,29767,26087,28586,9541,13055,29852,12182,6685,7610,10982,10633,25410,37457,31222,40153,7377,4443,64037,11826,32537,8691,17086,15880,8049,30483,39350,50259,9449,23502,19622,30700,25716,7173,2990,70476,37645,12089,33526,10615,81335,18414,30938,12569,16405,11986,30854,36945,24680,10471,12368,28033,7512,4199,42269,53024,69222,3965,7975,9579,65765,14115,13013,20522,31517,25287,8335,6260,28815,29621,17782,68956,24361,7783,18592,44838,11790,32272,9056,12814,8822,31189,9652,10638,16980,10642,11637,56733,18480,3727,32720,9152,28091,16734,10647,28595,19090,6546,5814,10652,35221,62609,35274,9696,40563,14443,6237,35907,14765,26334,12671,13482,11268,41532,45085,5672
15131,16410,0,43615,7173,19946,13847,3550,18310,5310,7785,41928,6471,5249,3231,2736,7404,79681,7161,12569,43443,13024,3373,54999,10258,12582,30639,23655,7036,4722,9953,12770,35200,21274,24416,17605,20702,24347,14204,28781,47656,6296,19729,6351,14631,7294,7277,7073,13212,23551,5174,11149,74441,78164,26539,82943,8061,9926,10583,1944,10400,27148,12827,5513,6087,55262,13534,16560,3979,6771,14078,14776,6490,15427,22019,7809,42166,25193,8682,11092,28555,21711,16741,7768,9292,6815,25156,50941,17394,61566,14697,74556,12515,23826,8449,16018,4842,6058,57395,73062,19209,28158,35043,16918,68697,49455,19260,23787,55748,4682,7258,59339,6541,6061,16479,18862,10664,13099,7011,4533,44190,5075,9907,9151,7033,6304,11183,48405,39134,27320,9630,12168,47799,6929,17109,8112,3660,1503,9133,14955,50159,57006,7583,10874,8179,42090,11431,10099,16651,81157,24079,4925,40919,6204,65802,8239,16315,28117,3279,6234,20074,20884,9656,6394,5341,17916,8927,13140,29614,59676,80277,13295,9070,7086,76317,7333,4620,7432,19819,40851,8418,10565,13040,18984,1407,80257,37178,8829,2187,55759,4717,20341,7397,5473,7722,19589,7502,5818,7516,5868,4899,67675,23748,13615,21388,7771,13836,1429,6844,12399,9060,14801,11860,6787,24015,72560,41481,7451,51743,5775,10547,46921,8220,34546,7153,4403,6883,50496,28723,15563
53905,38454,43615,0,37396,23673,50331,40284,31133,40844,38458,19643,37274,39558,40389,44720,36350,100999,37162,44817,463,39789,45379,78054,40972,39181,43627,43361,40454,38894,53249,53636,9766,37975,45436,51756,38514,20397,57260,43003,70272,45104,63197,37391,33734,37753,36551,36855,55528,43925,44967,38922,96984,99499,43603,103831,39416,36856,37649,42760,41375,44651,52476,38281,39667,77881,56291,30913,44867,42442,56074,54319,44242,58168,37037,39068,62501,42184,40095,40430,42951,36543,59029,40494,40957,42390,45520,14339,38302,20226,35863,96910,36787,45602,39941,35304,39025,45880,79472,96318,33924,44768,22683,30458,90241,71607,37123,44929,16054,39951,36715,77527,44893,41478,39036,35893,44382,55150,41719,39531,59022,43852,40948,41665,37703,42944,54523,71316,9144,43119,42048,40317,74612,37299,58678,42093,40608,42119,37702,56658,73171,13663,38487,38681,37658,17677,54727,42371,41427,41123,43986,43488,6931,39425,83819,36656,58978,44577,46346,44861,35745,60173,52684,39259,38920,34425,40529,36740,43617,16203,41023,36844,42305,39370,97861,36287,44487,51017,37670,51727,41874,41365,46586,35379,44014,41516,22580,41348,44577,77967,42306,38304,41115,38510,41461,37416,38346,40584,49775,40315,40647,88838,20670,36739,37132,42468,56970,44974,43738,48297,36197,33134,36416,38336,37412,95720,3817,42998,73779,37840,38004,69863,35407,12997,36714,44835,37687,12233,61028,33428
17674,17738,7173,37396,0,14058,14898,5408,11314,8387,8809,38146,4505,6835,4428,7439,4707,84800,6176,10901,37264,8484,10172,59995,13108,7746,25759,19390,9742,3631,17045,16585,29587,15757,20643,17847,15343,19332,19869,23935,52384,12069,26613,2136,13598,7346,4962,5239,18176,19456,11194,12799,79679,83268,22037,88035,9960,10013,11392,5699,13455,22835,15787,2242,8019,60191,18898,9432,10318,10922,18786,17780,11764,20781,16262,9398,46270,20473,11089,13587,23718,22168,21715,10482,12213,10925,21307,45908,12074,56069,8489,79767,12972,20182,10752,9727,5078,12265,62283,78388,12745,23764,31901,14555,73705,54155,13562,19951,50437,6630,5406,57168,12143,9634,18039,12841,9380,17837,10647,5645,47339,10490,12772,12498,6852,10862,17212,53207,33819,22629,13131,14535,47320,5942,21546,11840,3552,5802,9756,19450,55029,50961,8589,5765,1888,38007,17398,13707,19118,76130,19940,10151,35379,7892,63765,1096,21601,30285,10434,11901,14033,24013,15312,7939,5932,11504,11610,13625,24823,53575,75409,13849,12785,8861,81430,3694,10544,14341,14261,43025,11975,13598,12241,12839,7020,75494,34001,12025,7402,60632,9140,14938,10576,5303,11104,13967,8341,8647,14631,8442,7768,72608,18591,14133,15665,11773,19587,8587,11757,12894,1969,13449,12004,7355,18289,77866,35580,11818,56488,3439,11595,51684,3442,29533,5069,10588,6564,45222,29114,14530
31449,18463,19946,23673,14058,0,28266,16617,12671,17414,15285,25421,13612,16014,16726,21172,12693,87109,13618,23249,23498,18756,21769,62613,18614,17977,30443,26579,17299,15228,29606,30623,15529,21102,28484,30532,21236,6057,33760,28999,54661,21811,39543,13784,12584,14352,12908,13229,32202,26950,21537,16792,82400,85565,28219,90216,16414,14080,15220,19165,19054,29273,29718,14679,16271,62638,32862,10939,21321,19295,32837,31673,21016,34760,20754,15973,47450,26491,17294,18318,28840,19558,35755,17495,18338,19250,28899,31964,19315,42011,15516,82416,15018,28327,17073,15659,15369,22510,64553,81374,16246,29876,20441,10088,75956,56285,19242,27811,36397,16369,13101,65010,21646,18194,19039,17896,22305,31883,18607,15891,46387,20444,18492,19014,14232,19718,30936,55624,19811,28289,19512,18555,57822,13730,35602,19204,17048,18454,14799,33508,57528,37082,15268,16803,14704,24925,31153,19946,21280,62137,27253,20068,21323,16024,71649,13489,35598,29120,22690,21571,18485,37818,29159,15877,15316,15905,17807,15240,29871,39739,61472,15422,19628,16139,83785,12616,21013,27343,20034,40388,19052,19091,24925,17490,20392,61601,22330,18618,20990,62922,18857,20863,18063,14873,18485,19685,15088,17216,26241,16936,17149,74694,5168,15453,20464,19507,33447,21301,20584,26192,13222,11958,14322,14913,22240,80807,21599,19968,58623,14171,15600,54078,11756,15734,13078,21328,14180,31196,41185,12795
3898,30191,13847,50331,14898,28266,0,16386,19655,19055,21193,53006,18126,18525,15162,11111,18807,91043,19571,5639,50276,10699,16184,66771,24104,11213,22329,15262,20818,16117,16302,5954,43556,16489,14877,3887,15702,33954,11888,20654,59858,19514,21422,16267,27589,20253,18906,18965,9170,14836,18395,24894,85658,89560,18040,94323,21740,23154,24103,12644,24243,18151,3970,15569,19617,67118,10538,19458,17185,20585,8838,4754,19993,11574,17653,21394,55039,17430,22478,24933,20445,35375,11226,21577,23138,20632,15609,60191,13688,69833,14676,85814,26003,14169,22223,15515,17301,18911,69281,84145,17934,19166,46792,29161,80308,61663,15670,14504,64445,17986,19177,46088,19845,19902,30290,16321,6002,8479,20857,17384,57637,18681,23753,22990,19841,20070,11685,60510,47999,19085,23449,26009,33964,19294,9918,21938,13565,14322,22508,8699,62159,63989,20966,11694,13720,52804,11573,23895,30489,90265,15330,18620,49322,19669,52429,15092,11923,41934,14953,19539,17146,9857,10050,19835,18176,16945,22757,26658,21245,66468,89676,26839,22875,20668,87713,18055,18020,13829,15649,54625,22252,24408,3914,16762,12448,89838,48896,22675,11665,67682,18561,15578,21237,17927,21569,15674,20816,19553,17517,19552,18557,79399,33156,27157,17120,21572,11984,13844,20469,2075,15154,27600,25215,19903,19029,83682,49077,21197,63872,16892,24134,59093,18210,43993,18905,17647,19597,59308,14894,28549
18164,13958,3550,40284,5408,16617,16386,0,16637,3215,4814,38407,3012,2158,1370,5744,3942,79567,3630,14009,40100,13133,5314,54781,8371,12515,30775,24105,4865,1857,13007,16081,31739,20949,25136,19948,20476,20834,17754,28929,47243,6685,22928,3731,11375,3948,3774,3538,16722,24093,5879,8674,74412,78038,26878,82810,5517,6790,7729,3809,8641,27599,15930,3196,3340,54997,17077,14629,5166,5631,17562,17926,6357,18972,21531,5090,41336,25396,6458,9038,28707,19011,20266,5661,7404,5643,25844,47402,17158,58063,13825,74508,9619,24607,6151,15092,1299,6962,57102,73100,18146,28569,31576,13464,68498,49025,18796,24469,52227,1661,3717,60975,6743,4420,14127,18163,12162,16580,5480,1044,42814,5098,8014,7526,3607,5495,14722,48044,35625,27554,8126,10086,50097,3389,20573,6704,3206,2282,6122,18415,49848,53609,4585,10583,7032,38552,14974,8684,14732,77612,24602,4750,37437,3343,67508,6475,19859,26181,6081,6508,19366,24129,13203,3489,1876,16897,6876,10276,29800,56291,76728,10460,7692,4385,76196,4086,5235,10754,19455,38979,6902,8800,14860,18190,4507,76707,33710,7090,5312,55454,3740,20083,5564,1923,6049,19179,4430,3602,9903,3485,2587,67422,20253,10777,20921,6553,17384,4762,6368,14693,7355,11481,8835,3535,23559,72582,38066,6513,51346,2664,7784,46531,5113,31016,3635,5355,3417,46975,31246,12327
23445,26330,18310,31133,11314,12671,19655,16637,0,19326,18873,37650,14795,17656,15741,17788,14397,95062,16108,14019,31128,8959,21458,70258,23308,8516,17965,13990,20349,14789,27819,23961,25649,8441,15957,20672,8625,18593,28776,16429,62483,23322,36828,12960,20793,17364,14744,15161,26498,14401,22489,22363,90058,93522,15549,98263,20186,19177,20690,16574,23718,16602,22437,13448,18670,70399,27565,2343,21632,21868,26765,24054,22938,29264,8097,19596,55907,13820,21353,23536,16258,29406,29676,20977,22559,21859,16320,42352,7317,51087,5000,90124,21662,15870,21023,4200,16030,23566,72443,88845,3579,17213,33090,19923,83911,64216,6709,15307,46065,17605,15218,52342,23367,20543,26783,5346,14018,25969,21462,16659,56065,21733,23021,23003,16934,21921,26723,63360,30287,15642,23638,24288,45562,15986,28901,22565,14662,17048,19342,27115,65222,44707,18704,8776,10141,36923,26831,24208,28449,71835,14667,21378,31156,18483,58983,10219,29936,38601,21587,23141,5820,29474,24648,18464,16694,3475,21925,22199,17317,47101,71466,22433,23416,19262,91697,13480,21840,24936,7463,50851,22621,23835,15772,4894,17835,71771,34943,22517,17960,70790,20294,8273,21239,16023,21778,7126,18441,19474,25826,19225,18751,82754,17690,22631,7793,22600,28614,19666,22851,17731,9347,20348,20673,17626,9696,88307,30360,22760,66567,14230,21005,61818,12456,27133,14936,21898,16689,41131,30102,21486
20439,11137,5310,40844,8387,17414,19055,3215,19326,0,2763,37376,4621,1686,4567,8004,5268,76434,3866,17103,40627,16342,4894,51637,5220,15715,33963,27319,1769,4766,12672,17993,31912,24083,28349,22740,23630,20836,18721,32120,44068,4459,22571,6426,9622,3091,4946,4532,18124,27308,4130,5851,71301,74904,30086,79673,2757,4918,5328,6462,5460,30811,18129,6149,1188,51844,18251,17198,4132,2552,19058,20067,3797,20088,24630,2572,38123,28595,3430,5956,31899,16403,21554,2550,4241,2550,29057,47030,20321,57947,16874,71391,7252,27817,3167,18112,3332,5098,53943,70004,21094,31780,30285,12270,65351,45847,21911,27682,52010,1758,4578,64076,4360,1247,11238,21225,15231,18095,2281,2742,39627,3030,4860,4316,3184,2625,15574,44877,35538,30754,4912,7026,52942,3823,22114,3500,6389,4775,4034,19984,46688,53932,2624,13771,10128,37682,15857,5469,11635,77121,27817,2655,37488,1424,70592,9394,20987,23118,6226,4228,22419,26126,14389,1602,2644,19871,3763,7862,32994,56648,76140,8007,4482,1894,73064,5970,3648,11024,22587,35905,3688,5621,17852,21226,6656,76056,32414,3891,7474,52294,1464,23233,2360,3311,2835,22304,2663,509,8957,630,632,64266,20370,8326,24027,3390,18308,5871,3570,17491,10257,9887,6678,2511,26658,69483,38382,3450,48172,5111,5260,43360,7065,30788,4743,4022,3263,46763,33949,10513
22845,9214,7785,38458,8809,15285,21193,4814,18873,2763,0,34613,4342,2668,6106,10356,4506,76302,2790,18687,38227,17221,7647,51485,4448,16516,34548,28181,2016,5595,15348,20553,29389,24485,29372,24761,24107,18294,21474,32731,43786,6648,25195,6674,6899,1526,4164,3768,20820,28229,6625,4031,71248,74765,30845,79520,1328,2174,2915,8568,4848,31637,20569,6771,1713,51652,20983,16622,6834,4017,21738,22539,5787,22829,24910,754,37517,29280,2484,4804,32515,14197,24275,2297,3693,3970,30053,44334,20867,55304,17116,71322,4813,28884,2158,18267,4110,7455,53721,70009,21051,32571,27529,9509,65173,45542,22266,28688,49345,3215,3679,65578,6436,3042,9429,21437,16877,20769,3322,3859,38543,5503,4151,4195,1997,4487,18331,44635,32923,31436,4815,5728,54896,2957,24789,4038,7879,6924,1349,22650,46478,51430,235,14533,10686,34925,18612,5370,10321,74397,28720,5172,34912,1581,72135,9641,23729,21616,8989,6405,22594,28669,17112,1393,3155,19897,3059,5466,33622,54158,73403,5647,4696,936,72933,5501,6246,13782,22993,34402,3972,4970,19623,21371,9032,73311,29659,3720,9862,52068,4127,23697,2798,3631,3265,22686,469,2334,11527,2134,2947,64046,17874,5965,24333,4270,21063,8533,5312,19506,10423,7138,4084,1470,26924,69476,35898,4692,47885,5387,2988,43101,6442,28142,3987,6666,2274,44103,36060,7811
55778,29908,41928,19643,38146,25421,53006,38407,37650,37376,34613,0,35744,36783,39155,44019,34882,83232,34777,48379,19182,44116,42251,61583,34983,43321,54420,51622,36202,37795,49716,54279,14475,46010,53607,55642,46261,19382,56031,53241,54197,40562,59198,37062,27911,34702,34903,35004,55129,52047,40935,32981,79606,81772,52911,85906,34977,32480,32476,41947,35246,53992,53777,37881,36268,61298,55447,36223,41383,37848,55960,55794,39609,57327,45466,34916,46457,51227,35098,34141,53115,25640,58668,35851,35440,37784,53953,12883,44647,24271,40933,79489,30831,53515,35112,41018,37152,41505,62655,79137,41185,54457,7570,25111,72833,55294,44356,52958,18281,37327,34801,89369,40235,37422,30348,42993,47221,54978,37145,37398,41807,39872,35133,36081,34913,38494,52912,55248,11198,52801,36180,33523,83159,35020,58951,36928,40212,40665,33390,56793,56998,24873,34756,41994,39303,2013,53186,36243,32356,40587,52300,39603,12847,36078,95945,37915,58221,30580,43601,40340,43403,62064,51561,35879,36587,41058,35291,30436,54047,27377,39315,30412,36662,35508,80224,35382,40695,48387,45113,34336,36602,35159,49976,42544,42883,39066,5757,35975,43655,61266,38700,45918,36491,36497,36599,44776,34748,36937,45709,36747,37492,71388,20258,30161,45287,37406,55633,42955,38968,50967,37902,27551,31019,35253,46633,78534,16059,38017,57282,36807,32707,53919,34988,11186,34978,41152,35048,14167,66525,27130
20325,13257,6471,37274,4505,13612,18126,3012,14795,4621,4342,35744,0,2937,3425,8281,935,80574,1679,14913,37090,12977,8214,55757,8736,12248,30209,23895,5565,2072,15999,18553,28743,20143,25139,21448,19765,17877,20634,28394,48087,8952,25931,2376,9528,2849,841,845,19458,23961,8372,8299,75495,79038,26531,83797,5562,5549,6894,6204,9110,27337,18188,2697,3876,55935,19897,12621,7899,7115,20249,20207,8388,21801,20577,4981,41858,24955,6721,9145,28179,17843,23025,6229,7894,7100,25808,44491,16531,55095,12780,75575,8529,24671,6382,13945,1762,9435,58011,74237,16784,28262,29070,11100,69455,49848,17926,24449,49279,3047,1054,61561,8909,5791,13544,17110,13205,19268,6672,2332,42838,7399,8416,8267,2357,7246,17647,48927,32663,27108,8906,10064,51340,1438,23217,7772,4605,5048,5251,21060,50764,50598,4132,10266,6393,35816,17889,9482,14621,74718,24445,7017,34452,3690,68144,5300,22679,25789,9078,8738,18274,26468,16049,3681,1998,15607,7270,9190,29287,53280,73861,9408,8642,4530,77203,1349,7769,13764,18651,38541,7840,9244,16041,17055,7205,73859,31199,7783,7943,56359,5815,19356,6450,1377,6989,18345,3875,4704,12768,4445,4113,68338,17277,9701,19997,7809,20277,7753,8191,16269,6082,9493,7586,2930,22594,73708,35057,7995,52188,1261,7091,47397,2446,28087,787,7994,2072,44028,32793,10486
20210,11805,5249,39558,6835,16014,18525,2158,17656,1686,2668,36783,2937,0,3489,7729,3620,77967,2400,16130,39353,14994,5858,53160,6384,14334,32530,25984,2924,3284,13752,17997,30761,22583,27085,22103,22152,19733,19252,30695,45553,6060,23701,4808,9392,2081,3311,2911,18424,25998,5581,6532,72852,76434,28714,81200,3395,4719,5579,5903,6695,29465,17948,4626,1242,53356,18674,15517,5313,4212,19309,19929,5458,20547,23097,2940,39502,27193,4407,6984,30476,16859,21926,3692,5446,4203,27781,46121,18860,56931,15317,72939,7480,26573,4084,16538,1764,6612,55448,71569,19483,30421,29828,11709,66870,47326,20395,26409,51035,569,2986,63077,5995,2887,11983,19670,14296,18333,3841,1296,40814,4544,6034,5676,1930,4311,16149,46374,34497,29353,6304,8010,52255,2289,22348,5013,5303,4274,3996,20197,48194,52739,2442,12368,8632,37005,16417,6878,12662,76277,26500,4160,36392,1199,69618,7807,21443,24078,6999,5838,20856,26091,14788,1334,962,18272,4874,8134,31576,55444,75342,8313,5950,2250,74596,4285,5021,11835,21087,36876,5140,6846,17010,19654,6425,75287,31962,5210,7252,53797,2936,21751,3741,1632,4269,20796,2310,1832,10231,1610,1197,65774,19219,8632,22500,4979,18859,6173,5256,16847,8657,9553,6726,1543,25124,71045,37183,5104,49657,3475,5627,44851,5382,29801,3112,5317,1886,45783,33395,10331
17092,15291,3231,40389,4428,16726,15162,1370,15741,4567,6106,39155,3425,3489,0,4864,4328,80821,4521,12648,40220,11814,5803,56047,9740,11216,29483,22772,6235,1500,13123,15175,32029,19715,23783,18673,19224,21243,17246,27634,48533,7695,22949,3174,12475,5091,4264,4152,16034,22752,6780,10020,75652,79294,25559,84067,6873,7994,9016,2801,10008,26268,14900,2407,4697,56269,16484,13824,5892,6918,16825,16911,7478,18390,20329,6428,42670,24090,7827,10408,27411,20291,19601,7031,8772,6936,24493,47884,15900,58430,12680,75751,10881,23250,7518,13966,2154,7845,58379,74328,17066,27244,32430,14376,69763,50318,17582,23117,52641,3022,4358,59608,7799,5749,15471,16996,10808,15844,6814,2248,44181,6140,9383,8883,4690,6726,14297,49328,36012,26247,9477,11454,48791,4252,19799,8038,1835,1731,7383,17641,51125,53797,5873,9304,5887,39239,14532,10031,16101,78118,23263,5823,37764,4686,66143,5522,19265,27546,6266,7541,18204,23151,12650,4821,3015,15802,8247,11543,28501,56462,77273,11734,9031,5734,77451,4126,6130,10662,18225,40344,8248,10167,13525,17044,3789,77276,34562,8452,4518,56732,4937,18836,6923,2803,7401,17957,5698,4968,10344,4855,3945,68695,20620,12049,19713,7865,16898,4626,7559,13424,6397,12536,10063,4752,22354,73813,38280,7786,52635,2563,9091,47818,4989,31472,4179,6161,4458,47393,29991,13433
12490,19130,2736,44720,7439,21172,11111,5744,17788,8004,10356,44019,8281,7729,4864,0,9165,81841,9320,10153,44573,11363,5501,57228,12994,11058,28690,21583,9750,6260,10039,10344,36623,19694,22199,14879,19066,25976,12590,26836,49978,8740,19261,7401,17098,9679,9122,9015,11207,21432,7596,13854,76564,80330,24505,85109,10737,12448,13211,2084,13133,25049,10219,6507,8692,57511,11735,16304,6360,9489,11973,12201,9065,13642,20535,10449,44647,23244,11403,13827,26610,24402,14781,10492,12028,9535,22949,52641,15828,63079,13659,76688,15140,21583,11161,14974,6919,8330,59654,75153,18184,26074,37274,19187,70904,51781,17806,21594,57339,7163,9220,56709,9027,8796,19207,17579,8267,10993,9746,6787,46817,7685,12643,11882,9351,8999,9807,50704,40699,25337,12352,14903,45066,9061,14936,10836,4124,3473,11702,12779,52436,58229,10142,9605,7817,44097,10008,12812,19382,82884,21966,7580,42388,8783,63154,8352,14502,30842,4706,8716,18773,18387,7987,8965,7620,16889,11659,15777,27643,60866,82066,15940,11786,9720,78481,8816,7120,7150,18289,43564,11147,13298,10458,17767,1348,82084,39407,11564,561,58024,7451,18731,10131,7581,10458,18093,10033,8510,8657,8538,7552,69907,25319,16260,19900,10484,12276,2999,9476,9692,9032,17220,14439,9227,22483,74659,42770,10139,54053,7293,13199,49235,9486,36221,9042,6818,9158,52097,25987,18044
21100,13069,7404,36350,4707,12693,18807,3942,14397,5268,4506,34882,935,3620,4328,9165,0,80807,1717,15395,36164,13173,9104,55990,8954,12418,30198,24011,5990,2913,16913,19400,27808,20083,25317,22058,19738,16947,21557,28396,48283,9680,26851,2694,8991,2982,348,772,20357,24101,9160,8297,75754,79269,26597,84024,5800,5348,6782,7083,9350,27427,18990,3249,4383,56155,20810,12174,8748,7681,21138,21010,9064,22716,20466,5209,41959,24995,6970,9276,28183,17470,23926,6586,8170,7661,25972,43568,16548,54161,12689,75828,8281,24868,6636,13808,2676,10209,58222,74513,16551,28335,28255,10362,69676,50037,17855,24622,48349,3826,827,61872,9612,6373,13392,16982,13736,20157,7178,3211,42784,8153,8652,8606,2538,7875,18576,49136,31730,27142,9241,10136,51847,1592,24096,8214,5378,5974,5205,21941,50981,49666,4322,10448,6575,34935,18818,9811,14608,73797,24576,7769,33518,4170,68467,5347,23592,25634,9998,9458,18127,27277,16969,4119,2748,15407,7537,8929,29294,52349,72946,9154,9031,4870,77438,1050,8572,14696,18599,38349,8245,9474,16589,16900,8115,72949,30382,8121,8842,56569,6551,19325,6884,2207,7419,18284,4059,5279,13638,5005,4817,68546,16344,9434,19898,8299,21202,8688,8819,16916,6052,8904,7305,3234,22472,73980,34124,8540,52381,1948,7021,47601,1942,27161,545,8821,2293,43098,33397,9940
89751,69115,79681,100999,84800,87109,91043,79567,95062,76434,76302,83232,80574,77967,80821,81841,80807,0,79093,91946,100561,92562,76404,24817,71857,92013,110260,103336,75078,81199,74821,86222,92029,100513,104039,94793,100041,85127,81486,108404,32604,73430,73649,82754,75016,77828,80466,80069,83619,103227,74524,72700,5524,1545,106214,3281,75026,75888,74376,81591,71470,106828,87808,82575,76804,24663,82462,92752,75703,73939,84537,88721,73431,82780,101061,75614,39667,104831,73860,71555,108180,67639,84394,74365,72680,73928,104788,95515,96720,105640,93284,5293,73530,103424,74198,94493,79723,73627,22638,7323,97350,107840,78383,77048,11171,30905,98345,103428,100421,78183,79981,136336,73232,75191,68597,97635,90088,84204,74160,79167,42001,74842,72167,72330,78289,74095,80071,31707,91911,106972,71693,70776,121763,79251,86238,72961,82505,80260,75733,85377,29840,108026,76491,90124,86562,85166,80284,71116,66707,113806,103757,75104,94278,76950,142272,85766,83184,58157,77158,73526,98818,91635,81236,76926,78885,96180,73305,73052,109254,110420,111513,72824,72017,76046,3371,81798,75114,77217,99018,49279,72828,71341,91958,97609,80879,110399,78797,72810,81342,24288,75886,99650,74229,79534,73698,98737,76754,76155,73736,76359,77062,12416,85536,72668,100460,73045,81130,78880,73276,90525,86603,75581,74491,77650,103088,7641,97196,73054,28552,81415,74058,33253,82736,88227,80288,75285,78554,97204,103410,74571
21610,11578,7161,37162,6176,13618,19571,3630,16108,3866,2790,34777,1679,2400,4521,9320,1717,79093,0,16536,36958,14654,8233,54276,7237,13921,31832,25560,4333,3465,16126,19662,28399,21740,26815,22968,21379,17398,21348,30023,46574,8324,26080,4052,8018,1265,1374,983,20352,25631,7941,6654,74037,77555,28183,82310,4083,3874,5217,7300,7633,28996,19421,4341,2830,54443,20695,13875,7713,6122,21190,21431,7629,22587,22145,3492,40277,26598,5253,7575,29808,16198,23894,4891,6454,6095,27482,43872,18163,54620,14357,74112,6857,26349,4919,15493,2401,8946,56511,72796,18261,29916,27960,9869,67963,48329,19516,26125,48746,2804,891,63233,8215,4850,11867,18666,14802,20209,5568,2629,41184,6871,6935,6900,830,6386,18287,47425,32179,28749,7533,8457,52935,277,24198,6551,6007,5898,3584,22040,49269,50359,2605,11939,8063,34929,18546,8101,12977,74060,26114,6489,34048,2596,69814,6930,23476,24112,9311,8092,19817,27666,16816,2509,1853,17111,5821,7519,30918,53061,73154,7735,7340,3181,75723,2716,7401,14123,20252,36862,6563,7757,17621,18593,8124,73120,30094,6416,8916,54857,5266,20967,5225,1738,5754,19941,2342,3774,12631,3490,3537,66835,16864,8031,21572,6667,20970,8281,7318,17758,7682,8041,5924,1560,24155,72263,34803,6952,50672,2894,5422,45890,3658,27516,1197,7710,628,43493,34312,8979
9477,27901,12569,44817,10901,23249,5639,14009,14019,17103,18687,48379,14913,16130,12648,10153,15395,91946,16536,0,44773,5073,15651,67367,22323,5637,19067,11821,18837,13150,18378,10603,38304,11535,12165,7286,10771,29110,16194,17252,60131,18834,25355,12705,24386,17471,15578,15747,13589,11572,17696,22659,86649,90439,14765,95217,19520,20369,21555,10831,22554,15177,8810,12217,17345,67656,14859,13906,16468,19145,13571,10184,19058,16270,12637,19065,54735,13731,20459,23033,17028,32729,16294,19633,21344,19179,12925,55012,8298,64448,9052,86779,23341,11520,20157,9877,14581,18476,69801,85218,12373,16216,42495,25454,81034,61934,10368,11600,59144,15668,15946,46975,19097,18175,28103,10861,1905,12954,19223,14857,56658,17638,21963,21367,17002,18766,15056,60857,42810,15695,21919,24089,36453,16265,15236,20417,10827,12435,19891,13695,62586,58464,18452,6447,9324,48053,15047,22439,28726,84978,12108,17465,44037,17329,53500,10768,16788,40189,14795,18788,11782,15463,13055,17457,15533,11340,20853,24008,17989,60921,84447,24214,21409,18379,88590,14476,17175,15500,10480,52986,20677,22717,1770,11274,11242,84646,44562,20972,10678,68173,17039,10567,19448,15112,19879,10444,18252,17550,18354,17469,16512,80046,28277,24520,12052,20147,16166,13149,19388,3806,10591,24285,22443,17259,14255,84730,43670,19912,64206,13657,21670,59388,14343,38965,15631,16916,16726,54047,18299,25334
53836,38134,43443,463,37264,23498,50276,40100,31128,40627,38227,19182,37090,39353,40220,44573,36164,100561,36958,44773,0,39753,45180,77634,40705,39138,43781,43441,40220,38723,53055,53537,9421,38035,45517,51733,38568,20127,57123,43139,69857,44875,63005,37234,33450,37537,36361,36662,55408,44001,44748,38651,96552,99061,43713,103390,39176,36610,37390,42607,41106,44764,52390,38124,39449,77459,56161,30873,44659,42206,55960,54240,44009,58041,37106,38833,62084,42283,39846,40156,43084,36180,58913,40253,40699,42154,45608,14015,38316,20143,35835,96478,36510,45675,39695,35292,38838,45656,79047,95889,33950,44891,22236,30170,89807,71188,37158,45005,15861,39750,36520,77742,44661,41251,38715,35921,44319,55034,41482,39340,58586,43632,40684,41407,37492,42713,54373,70901,8693,43239,41786,40033,74735,37098,58577,41845,40458,41950,37460,56551,72756,13742,38259,38615,37548,17216,54580,42104,41104,41033,44068,43269,6470,39207,84045,36534,58853,44180,46157,44632,35789,60112,52543,39040,38723,34435,40276,36456,43760,16315,40906,36559,42048,39141,97425,36113,44272,50839,37713,51287,41623,41095,46541,35407,43856,41383,22123,41094,44425,77544,42090,38353,40876,38318,41218,37456,38120,40363,49564,40095,40437,88404,20416,36450,37194,42223,56829,44798,43501,48238,36084,32852,36149,38121,37506,95291,3370,42756,73358,37668,37743,69450,35241,12593,36523,44623,37480,11939,61059,33134
14490,26222,13024,39789,8484,18756,10699,13133,8959,16342,17221,44116,12977,14994,11814,11363,13173,92562,14654,5073,39753,0,16390,67814,21377,827,17699,10990,17906,11720,20995,15207,33495,8331,12162,12045,7712,24745,20397,15844,60337,19160,29076,10602,21885,15797,13440,13723,17949,11013,18094,21241,87360,91038,13746,95814,18296,18496,19871,11081,21688,14474,13576,10455,16230,68048,19117,8883,16960,18731,18098,15124,19131,20702,9194,17759,54464,12284,19381,21934,15621,30571,20947,18685,20440,18749,12835,50239,4472,59503,3979,87466,21451,11698,19050,4872,13254,19050,70165,86007,7670,15439,38575,22376,81528,62124,6506,11473,54267,14663,13889,48783,19341,17552,26520,6521,5192,17370,18613,13712,55758,17722,21028,20630,15303,18512,18743,61124,38046,14437,21242,22920,39635,14414,20052,19837,10072,12310,18226,18357,62913,53426,16994,2726,6601,43676,18798,21806,27540,80099,11510,17458,39189,16143,55399,7879,21310,38766,15954,19052,7640,20535,16658,16222,14188,6508,19866,22101,16702,55872,79612,22326,20823,17164,89193,12139,17484,18023,6937,51509,20029,21840,6838,6826,11999,79841,40596,20179,11748,68520,16715,7370,18669,13619,19169,6758,16755,16697,20020,16541,15711,80474,23882,22607,8559,19677,20295,14050,19300,8777,7343,21666,20478,15752,11123,85499,38721,19593,64438,11839,20065,59618,11651,34360,13552,17353,15014,49206,22430,22786
16807,14933,3373,45379,10172,21769,16184,5314,21458,4894,7647,42251,8214,5858,5803,5501,9104,76404,8233,15651,45180,16390,0,51758,8559,15954,33974,26949,6129,7060,7895,13952,36619,24647,27645,20044,24074,25585,13952,32116,44482,3332,17847,8913,14416,7825,8869,8540,13606,26826,2215,9984,71146,74890,29848,79669,7347,9772,9944,5316,8567,30433,14455,8204,6047,52034,13587,19602,1067,4939,14597,16255,3869,15374,25390,7346,39166,28525,7518,9480,31890,20397,16920,6636,7703,5001,28391,51896,20767,62764,18022,71265,11791,27040,7398,19339,6456,2830,54174,69754,22516,31450,35117,17156,65444,46284,22630,27028,56849,5432,8671,62093,3663,4912,14888,22217,13759,13666,5480,5893,41479,2752,8250,7331,7771,4301,10790,45213,40336,30644,7645,10504,50077,8084,17643,6245,6839,4419,8865,15565,46950,58592,7517,14242,11393,42572,11081,7991,14623,82007,27357,2866,42245,6261,68505,11265,16273,25906,1475,3359,23429,22032,9802,6454,6460,21228,7547,12335,32943,61294,81032,12439,7041,6743,73042,9386,1942,6137,23192,38505,6600,8723,15932,22330,4476,80949,37242,7157,4973,52542,3558,23713,6067,6903,6171,22961,7554,5316,4590,5517,4882,64437,25076,12746,24759,5794,13525,2503,4422,14993,12124,14722,11373,7236,27387,69255,43036,5292,48559,7971,9790,43740,10427,35618,8694,1503,7744,51599,30865,15272
65756,44431,54999,78054,59995,62613,66771,54781,70258,51637,51485,61583,55757,53160,56047,57228,55990,24817,54276,67367,77634,67814,51758,0,47040,67251,85512,78640,50266,56399,50732,62231,68722,75720,79401,70580,75257,61023,57870,83658,7965,48723,50838,57943,50359,53011,55649,55252,59814,78548,49829,47897,19838,23281,81501,28042,50209,51089,49579,56893,46653,82138,63712,57773,51992,771,58738,67952,51022,49151,60782,64771,48690,59258,76256,50797,15582,80093,49043,46742,83435,43321,60956,49551,47864,49139,80145,74331,71939,85186,68475,19884,48771,78798,49381,69680,54918,48959,2643,18760,72533,83142,55850,52527,13717,6461,73546,78779,79544,53382,55164,112503,48513,50395,43900,72825,65492,60360,49360,54366,19952,50107,47350,47517,53472,49321,56165,6989,69141,82241,46881,45970,98487,54434,62738,48157,57747,55528,50923,61675,5086,86401,51674,65350,61764,63399,56399,46303,41954,96306,79075,50360,71568,52137,118599,60955,59752,34033,52575,48810,74006,68198,57162,52112,54075,71364,48488,48308,84515,88949,94225,48083,47210,51230,21448,56981,50408,52961,74224,27364,48020,46524,67462,72796,56226,93312,56596,47996,56718,1533,51116,74864,49421,54723,48891,73941,51937,51351,49317,51553,52265,12679,61367,47936,75657,48249,57482,54248,48516,66128,61790,50938,49724,52833,78283,18195,74308,48269,4305,56603,49257,8536,57920,65092,55471,50596,53737,75750,79725,49957
25196,6376,10258,40972,13108,18614,24104,8371,23308,5220,4448,34983,8736,6384,9740,12994,8954,71857,7237,22323,40705,21377,8559,47040,0,20709,38864,32366,3506,9658,14955,22479,31564,28851,33466,27848,28449,20578,22242,37035,39353,5868,24216,10997,7448,5972,8611,8212,22126,32382,6590,2097,66800,70320,35084,75077,3174,4611,3404,11631,446,35844,22853,10961,5146,47210,22014,21044,7499,3639,23132,24718,4966,23732,29308,3759,33162,33551,2020,934,36817,11849,25351,2711,981,3581,34164,45578,25180,56821,21510,66875,4320,32949,2359,22681,8125,6821,49282,65561,25493,36796,27590,10711,60731,41113,26642,32791,50763,6751,8127,69296,5499,4215,6337,25844,20450,22211,3253,7674,34447,5807,360,1239,6431,4260,19094,40197,34696,35710,1198,1951,58050,7394,26167,2315,11575,9956,4105,24109,42037,53543,4634,18737,14954,35543,19397,1399,6428,75311,32883,5724,36838,5239,75810,14001,24622,17917,10030,5686,27010,30581,18312,5174,7204,24332,1510,4588,37921,56296,74183,4585,1708,4247,68488,9941,6637,14224,27356,30695,1959,530,23057,25791,11658,74000,29672,1438,12441,47629,5549,28044,2893,7810,2536,27055,4897,4780,10903,4887,5815,59608,20322,4824,28724,2780,21794,10438,4312,22618,14808,7981,4557,5806,31327,65028,38148,3342,43453,9670,3029,38665,10889,29813,8432,7107,6698,45572,38976,8030
14952,25478,12582,39181,7746,17977,11213,12515,8516,15715,16516,43321,12248,14334,11216,11058,12418,92013,13921,5637,39138,827,15954,67251,20709,0,18267,11667,17253,11053,20823,15498,32785,8696,12900,12732,8122,23954,20554,16418,59749,18650,29094,9873,21091,15079,12691,12982,18158,11715,17600,20528,86824,90488,14380,95263,17611,17751,19138,10638,21028,15136,13929,9763,15566,67479,19293,8270,16486,18132,18353,15540,18589,20920,9486,17068,53827,12881,18707,21250,16196,29789,21232,18026,19780,18148,13562,49521,4814,58844,3519,86928,20699,12452,18374,4567,12584,18574,69591,85481,7550,16087,37758,21556,80967,61533,6749,12207,53580,14019,13145,49578,18820,16935,25784,6596,5508,17597,17992,13059,55058,17189,20363,19987,14584,17933,18789,60543,37325,15039,20604,22226,40462,13686,20400,19214,9508,11797,17499,18654,62338,52827,16291,1984,5858,42892,18857,21170,26836,79414,12204,16915,38492,15472,56197,7103,21552,38031,15582,18535,7762,21068,16699,15545,13510,6329,19200,21346,17286,55286,78913,21572,20196,16484,88644,11380,16982,17853,7255,50764,19398,21179,7407,6849,11615,79133,39781,19532,11415,67945,16137,7759,18029,12929,18534,7044,16049,16059,19696,15894,15083,79905,23094,21851,8851,19068,20434,13660,18737,9243,6543,20865,19721,15050,11456,84971,38063,19001,63851,11129,19339,59033,10866,33605,12807,16869,14295,48507,23214,21989
25604,43143,30639,43627,25759,30443,22329,30775,17965,33963,34548,54420,30209,32530,29483,28690,30198,110260,31832,19067,43781,17699,33974,85512,38864,18267,0,7254,35454,29249,37442,28283,41013,10172,7502,20030,10462,36118,34217,1858,78015,36842,43741,27883,38090,33056,30510,30856,31499,7568,35763,38484,105051,108736,4330,113513,35719,35508,36973,28709,39203,4223,26299,27912,33746,85744,32867,20104,34606,36398,31125,26701,36829,33832,10040,35155,72024,5449,36847,39342,2084,46863,33237,36214,37958,36413,6815,56867,13685,63716,17552,105160,38333,8207,36510,16563,30768,36693,87857,103689,14560,3285,50622,37667,99227,79798,12403,7826,59610,32247,30989,34950,37031,35190,43514,13459,20734,30808,36243,31275,72965,35418,38525,38204,32566,36199,33744,78810,45561,3374,38827,40273,31231,31625,31636,37462,27766,30001,35399,30861,80604,56057,34333,20193,23911,53418,33682,39398,44803,84560,7047,35156,45797,33634,41528,24910,34086,55683,33387,36740,12480,28980,31865,33690,31667,15342,37361,38945,1089,57981,84594,39179,38438,34617,106891,29151,35162,34565,11626,68233,37635,39349,19684,13681,29514,85128,52360,37740,29144,86212,34403,10877,36254,31054,36768,11956,34080,34290,37239,34113,33330,98169,35226,39426,10510,37328,34309,31554,36996,21745,24152,37727,37330,33107,8271,103183,44125,37268,82118,29199,37218,77300,28403,43393,30657,35011,32282,55218,22305,38882
18729,37078,23655,43361,19390,26579,15262,24105,13990,27319,28181,51622,23895,25984,22772,21583,24011,103336,25560,11821,43441,10990,26949,78640,32366,11667,7254,0,28895,22709,30191,21204,39175,5642,2080,13396,5365,32561,27126,5468,71231,29917,36607,21525,32412,26735,24299,24608,24411,623,28816,32187,98092,101819,2946,106597,29278,29359,30771,21749,32678,3501,19223,21430,27220,78893,25771,15665,27633,29676,24098,19789,29969,26829,6385,28735,65441,2230,30369,32916,5248,41187,26355,29674,31429,29697,2331,55660,7707,63583,11868,98208,32276,2303,30037,11225,24242,29710,81019,96702,10437,4503,47019,32437,92345,73023,7338,1604,58969,25650,24763,38656,30128,28520,37402,8684,13518,23725,29583,24701,66723,28546,32018,31615,26240,29427,26533,72002,43818,3895,32225,33894,31747,25331,24846,30808,20996,23128,29144,23905,73775,56487,27957,13649,17504,50851,26479,32786,38500,84473,678,28306,44435,27131,45306,18664,27139,49644,26289,29830,8223,22769,24634,27208,25173,10675,30856,32914,6171,58646,84290,33143,31797,28149,99971,22964,28232,27321,6546,62340,31007,32830,12444,9105,22474,84700,48900,31166,22056,79379,27632,5722,29653,24596,30150,6894,27713,27682,30065,27528,26689,91313,31658,33412,6421,30635,27195,24495,30182,14542,17998,32121,31287,26716,6085,96203,43227,30526,75328,22793,30982,70505,22347,40976,24425,28052,25952,54247,18464,33267
22149,9381,7036,40454,9742,17299,20818,4865,20349,1769,2016,36202,5565,2924,6235,9750,5990,75078,4333,18837,40220,17906,6129,50266,3506,17253,35454,28895,0,6207,13577,19632,31345,25498,29972,24508,25072,20248,20079,33619,42643,4677,23343,7677,8311,3177,5643,5218,19626,28901,4781,4114,69976,73544,31633,78308,1226,3802,3817,8230,3788,32379,19829,7547,1726,50457,19682,18151,5196,2000,20584,21751,3790,21488,25998,1395,36579,30116,1662,4200,33400,14683,23005,797,2543,1954,30673,46146,21782,57174,18209,70060,5689,29451,1412,19416,4687,5524,52545,68705,22318,33338,29014,11185,63973,44413,23304,29300,51194,3252,5193,65811,4444,1224,9473,22559,16971,19631,1313,4194,37952,3684,3149,2756,3510,2499,16917,43467,34823,32276,3389,5265,54710,4404,23641,2224,8069,6543,2884,21527,45292,53390,2036,15289,11553,36581,17208,3965,9890,76151,29406,3402,36838,1881,72333,10689,22388,21365,7560,4434,23740,27767,15853,1886,3811,21124,2016,6262,34500,56121,75126,6387,3080,1198,71707,6870,4494,12224,24001,34157,2276,3944,19610,22532,8401,75012,31135,2287,9213,50893,2604,24670,895,4457,1431,23708,2239,1291,9670,1380,2327,62871,19847,6703,25404,2346,19653,7480,3297,19259,11526,8651,5246,2772,28023,68178,37868,2703,46746,6337,3679,41943,7912,30019,5444,4950,3714,45959,35711,9150
18258,14786,4722,38894,3631,15228,16117,1857,14789,4766,5595,37795,2072,3284,1500,6260,2913,81199,3465,13150,38723,11720,7060,56399,9658,11053,29249,22709,6207,0,14561,16491,30533,19326,23835,19503,18883,19767,18724,27412,48814,8533,24417,1880,11480,4321,2905,2880,17462,22730,7736,9620,76067,79667,25431,84436,6589,7226,8416,4175,9976,26186,16117,1389,4513,56602,17943,12772,6996,7292,18232,18135,8169,19850,19864,6068,42787,23909,7661,10220,27193,19591,21034,6976,8728,7297,24526,46418,15584,56941,12110,76157,10192,23332,7331,13356,1533,8819,58699,74770,16370,27140,31140,13164,70112,50590,17148,23156,51160,3016,3093,59989,8579,6013,15019,16461,11381,17252,7039,2033,44057,6944,9311,8955,3855,7234,15789,49629,34528,26069,9579,11222,49498,3188,21184,8244,2557,3227,6748,19030,51444,52297,5361,9084,5367,37848,16022,10152,15862,76656,23229,6590,36271,4423,66550,4669,20721,27208,7664,8352,17656,24396,14123,4506,2476,15134,8148,10859,28292,54963,75821,11064,9204,5449,77828,2628,7091,12144,17829,39997,8397,10127,14181,16467,5258,75832,33269,8492,5955,57049,5531,18484,7008,1971,7527,17543,5142,5053,11644,4866,4143,69023,19135,11371,19261,8156,18380,6100,8136,14293,5545,11483,9305,4136,21892,74249,36781,8189,52918,1064,8549,48109,3505,30002,2857,7202,3582,45912,30847,12440
